﻿date,airport_ntests,airport_npos,screening_ntests,screening_npos,other_npos,total_npos,cum_total_npos,overseas_arrivals
2021-07-16,3158,4,6195,4,7,15,NA,NA
2021-07-17,4149,7,8185,2,5,14,NA,NA
2021-07-18,4801,2,11869,0,1,3,58,28660
2021-07-19,NA,NA,NA,NA,NA,NA,NA,NA
2021-07-20,3697,2,21048,2,4,8,NA,NA
2021-07-21,2793,0,24237,7,5,12,NA,NA
2021-07-22,2213,2,29243,13,4,19,110,34326
2021-07-23,1460,2,31600,4,11,17,127,35786
2021-07-24,684,2,35121,5,3,10,137,36470
2021-07-25,1108,2,35202,10,4,16,153,37578
2021-07-26,886,0,35517,5,2,7,160,38484
2021-07-27,725,0,35178,7,7,14,174,39209
2021-07-28,644,2,36621,8,14,24,198,39853
2021-07-29,705,2,34999,9,16,27,225,40558
2021-07-30,541,1,32327,4,16,21,246,41099
2021-07-31,589,0,35115,5,13,18,264,41688
2021-08-01,309,0,34084,7,10,17,281,41997
2021-08-02,186,0,31562,8,10,18,299,42183
2021-08-03,162,1,29053,6,22,29,327,42345
2021-08-04,65,0,27728,13,18,31,358,42410
2021-08-05,71,0,28108,9,20,29,387,42481
2021-08-06,NA,1,25014,5,16,22,409,NA
2021-08-07,NA,0,26932,13,14,26,436,NA
2021-08-08,NA,0,25493,11,17,28,464,NA
2021-08-09,,,,,,,,42980
